74 84 326.2216817462024
51 85 383.7573086056194
282 291 1085.4944638853387
514 528 442.9593687104145
177 178 291.0588168718802
377 359 1209.6519957798148
522 520 721.5232536216696
52 59 683.1478536424372
354 371 1088.155140754275
409 408 395.8913522100207
297 280 632.9804447661647
442 443 459.33166081504186
530 529 253.06506539586542
41 40 641.2582736796169
329 336 2727.107775603636
458 356 453.36218074657836
337 320 1117.3210909366414
64 35 529.9849596402272
454 20 380.4121443912377
209 220 929.5790408851523
241 218 468.2468554121351
482 483 528.3369747387349
185 183 381.0140489842683
274 281 632.7510833595032
153 138 665.8745594809947
21 310 2629.911698606244
29 47 532.8800291980547
314 339 1725.6244799923097
176 6 451.69182984764797
305 312 4058.484691884999
223 60 770.3433477935196
370 358 1161.9315886484083
93 234 275.611128763987
489 478 379.4126010058433
498 495 523.1850142876435
85 92 263.2307026523868
402 403 371.7112066186302
466 465 718.2654371760132
169 170 383.389927848917
0 20 945.430873219745
0 21 1819.0465034821534
53 468 353.45068558689746
434 433 1194.5308045490185
529 531 438.11789798647993
433 425 930.428249622055
70 158 365.5643834399835
490 492 580.8335279308718
193 191 659.814510158215
265 273 827.5488251655155
290 277 1427.1562430578651
505 506 854.0875983960424
449 451 341.6958549121162
425 423 946.6072593777147
1 195 699.6302134525938
1 18 586.5139201421225
121 125 337.5460270866724
189 67 577.9456394701891
346 380 782.4389606431189
128 259 404.802148901353
377 347 3060.154884240417
386 370 5339.233309717723
234 232 693.7888841655415
273 255 427.73172593302803
157 15 1342.3293345307638
362 354 1017.2490200603934
18 10 609.0916170058235
531 532 468.54401547864387
145 140 472.9845725133111
0 41 343.199601391468
53 62 760.8682089587139
289 287 1008.6957355322435
283 195 522.7235472631551
538 540 833.9996168923986
75 96 343.54495511707705
363 374 1628.9349117452728
168 172 613.5902432007206
475 481 313.8523019784636
91 310 2110.260741315527
291 290 770.868749238558
15 76 344.85220764002327
523 522 570.8154702723792
39 45 470.27975611072645
218 221 361.47832959465154
378 356 4947.753053221031
40 28 414.07327854452836
528 519 351.9194701396435
224 213 670.9822866580747
21 117 742.1738117321416
242 231 378.40409891817393
37 148 715.1766040221854
401 402 594.1377520780235
130 127 583.6455950837772
136 137 1043.5887741210759
17 7 462.8379009485816
513 514 614.6897369340463
202 60 689.7877086936637
481 480 538.373349286255
28 30 561.7365710011147
152 155 1390.5518068974807
368 344 985.8796849387592
65 55 333.2040140105484
330 305 5114.319358306779
261 26 427.76985768209175
378 368 1057.0436237663037
17 25 853.703848604262
17 24 4627.526097821186
27 32 716.8086603528716
54 56 481.17337373406804
76 87 282.5119248472981
328 308 1000.3311704335283
257 270 381.0129849664809
248 33 504.3857591316189
435 436 590.4576426629719
130 217 530.2529003201128
288 450 698.5242013584376
49 65 528.047500437915
2 185 519.9488284994407
225 70 576.240794036529
506 504 707.4515536594841
241 237 1528.7150407521492
192 194 1315.3738835054216
307 324 1051.234516851557
218 246 367.72690775667945
426 265 501.1628459318199
217 208 527.1532154571248
147 164 286.99126964176685
352 350 1465.3812453861851
398 400 673.7735458502959
269 84 383.59340868394725
441 430 874.1913562665175
170 173 360.8572927203368
474 463 625.8036823152478
67 202 570.2108499855627
16 8 572.5281572064242
15 149 425.50228224226726
6 175 319.10434785146515
424 438 593.8005659558922
379 373 3839.520136695726
281 81 620.9549374667413
275 294 572.3615176660124
353 382 762.972252977669
87 93 412.2558454396866
378 346 1100.8514798671788
539 535 460.60663407132637
120 133 474.6372257185209
417 411 671.2671762957531
2 21 880.7926830872534
461 190 568.6498395866356
129 132 514.3745204491597
484 482 457.07852514311975
315 0 2601.1416152133015
476 484 351.75823020629326
250 57 526.7491126834464
177 455 531.2177948022214
457 150 809.8528830128475
331 306 1994.9338170110425
163 151 409.41220191001315
383 348 1206.4449113915348
135 130 508.12909214729865
178 133 585.4698299365875
84 271 773.2571978641208
327 329 3964.0721635163036
20 222 708.0598687228113
319 328 1790.796573443951
94 89 266.5669123442558
432 431 1606.7499553902055
98 107 532.441361293806
179 174 230.02592731584872
103 224 546.6681881524923
460 461 1068.0569236591732
32 38 402.7644023920494
3 15 570.2920401307238
312 340 1516.9659631433967
134 98 387.3875282688597
232 267 551.4579101832443
360 351 816.309722431882
61 53 536.4811584418355
249 73 584.7084640560657
195 5 740.4881205025615
44 17 525.5846961748582
284 288 753.9523579388094
155 139 867.0116338790638
497 503 395.39064217458105
456 457 346.7703768106582
43 46 493.36913275196355
131 124 509.6468694207521
419 420 590.3325573307169
412 414 458.2067404953126
512 521 387.0665536243084
72 62 436.69455819313845
313 17 2533.281259895911
427 432 777.3030309105526
204 227 433.86512033679367
527 523 481.11899321859784
240 236 368.581197994806
524 511 487.03824248118553
279 295 933.1735782787654
447 449 708.6001905185046
119 121 562.7878069721966
327 303 902.303427179543
219 212 681.0478159913353
232 233 434.9470710721181
406 291 377.82169190852034
62 30 837.8388874563752
227 219 979.8901474457022
106 108 451.8280321743473
260 128 393.19484511937515
259 81 503.43469282273514
127 119 427.30077074434456
256 269 487.331547350782
540 541 532.1895647857705
95 74 489.5404049058917
276 274 382.20132797178405
403 410 549.55167353625
384 383 2796.8250872881204
431 424 895.0486468282671
50 68 188.54535239726025
191 190 931.9269360398207
212 218 271.7160021904375
83 88 492.4545060909629
33 251 619.8896854036057
318 307 1663.4532687907235
303 302 1455.5333820597473
182 203 1275.7404075015356
5 223 652.3504960329863
440 441 559.2291165916641
356 362 623.6910252731024
148 166 271.72439492609334
133 176 695.9211822061392
162 145 252.13157850900168
298 29 437.35297609955126
347 345 2509.645940045185
73 71 601.9808988401844
376 91 4306.870090443332
104 110 595.8579579338497
110 100 460.2517890023155
208 9 841.4500904760432
198 197 770.6337666589459
30 66 476.5886116552618
51 49 378.8642506361966
355 375 3106.382821855969
186 2 529.6057483856304
84 86 495.6678015337795
111 144 742.9122460202517
20 12 605.0066848566399
4 13 908.1006593266088
156 160 372.9635801481594
42 168 378.3345835427243
226 222 310.36565347489665
50 80 745.737649897904
181 125 809.506066452851
146 37 391.81279428901854
533 543 372.89107270044036
83 142 355.7205371500676
455 454 423.2980851867289
154 136 920.7319479850745
132 117 501.6263305334593
210 204 619.0086343098553
190 177 524.2948997819059
477 476 387.75894106530103
42 37 265.3312420298276
174 200 372.9614296616315
361 384 2098.5415816462246
525 524 457.4680343181276
499 498 591.9477934232858
503 502 921.5927614019457
382 363 1105.12627146594
96 94 557.2202853859465
304 317 2686.328672199867
30 43 350.6313217971548
333 331 1297.6051141631801
183 184 236.89430652960004
404 405 376.9885884461279
277 286 1186.9354062567772
63 50 814.979455543665
157 67 488.57667331731557
205 223 370.98362427976355
19 16 854.0017605556719
399 398 237.21220572065047
348 357 768.8270329358437
233 238 376.20697186425764
29 280 458.8289578130507
526 527 1730.5050537032664
146 42 410.2848083712962
98 123 504.71316609783213
12 4 683.3632199544096
161 152 866.7192626633288
410 409 427.62117399445066
349 377 2838.7792701826074
519 512 608.3829789956751
86 32 378.93609522151627
483 485 268.9429839881856
111 112 346.8007590824053
199 192 965.2605010485161
196 446 411.06137072243513
311 334 1845.4402545851021
406 488 433.71254090057244
255 260 551.8878845261107
211 229 739.6085587764001
448 196 559.6236874034564
35 39 531.6306734915337
317 319 1365.2576598138178
151 15 894.6692711156427
73 466 470.2387804084209
494 493 452.8013457949257
390 389 317.0387028096087
9 5 316.1296080323238
230 125 735.7190669908838
202 1 496.2964535880419
50 248 580.0237811420653
430 428 376.89434570818906
534 530 393.409343001118
125 122 345.65814214053495
160 98 581.0583803828546
125 243 294.45355514590045
542 539 581.6130813777912
24 14 954.7067021715384
239 93 483.21237639456524
341 304 2015.4935815065564
429 427 809.4148027860153
350 364 1878.749617258114
103 50 366.25370472801535
486 487 328.6138754571954
81 238 623.6652338767271
422 421 488.68230799633034
285 279 1613.784174238228
58 48 633.0734963375511
310 313 1762.6462145260225
50 113 458.86320060134267
342 343 2810.2397383659563
221 215 570.2142825717417
165 150 352.461986065549
502 501 356.00935956845615
326 342 2115.5358321594586
133 116 436.4861705509646
173 171 536.4863393802664
69 58 419.52120462879617
509 510 544.489932252402
91 83 419.91562887682124
302 337 2054.6497257301003
237 245 792.2575506899055
325 335 3922.212675494585
293 285 1221.1898033089724
478 475 343.8818988584358
22 2 624.8142508451854
397 394 386.6303606171448
470 53 614.9224933069337
278 293 643.4623492701184
46 33 430.56666309882456
299 300 905.3403800775678
262 256 596.1277170087626
81 75 401.2184045108688
113 83 692.9273624879702
108 103 590.4319956436498
389 388 376.12835704515044
462 474 430.8675747150587
414 416 745.8845744152944
238 292 494.9209099206769
9 205 386.6067967904545
117 120 737.0222464681015
10 3 362.090017773867
184 50 505.23680523086654
325 326 5556.2421865418055
156 143 1416.1149985510617
405 401 511.11748457885
254 272 482.2670114768425
381 355 2160.278476873487
141 165 356.73002771326435
101 105 906.7079626962112
469 471 585.1115001668724
34 42 509.94358788391537
518 517 585.6789097766148
70 60 324.88925617709907
98 159 592.6453879471411
438 439 958.7763630252816
201 196 332.4792274738107
541 534 497.1873708416916
21 6 928.5420532737231
206 211 417.85060867564164
268 264 1062.1459669496444
340 309 1354.5869534291578
158 162 539.1074835871316
45 44 395.99311543883937
221 241 479.50395617437255
485 486 644.9465167298814
236 235 634.4127457030066
463 469 494.4347120584093
7 9 771.4056533091107
453 452 569.9485128539841
413 422 426.91730317388914
391 390 399.9427653439572
118 135 550.3214604759702
334 315 4094.601828642006
334 314 4683.309520914046
32 91 573.5749348028826
149 10 588.6998747452031
126 96 336.7303451516845
356 456 467.5171985635249
501 500 834.8094576158232
164 144 368.98153956423675
423 429 1206.0689162932763
535 536 699.3864976086542
357 372 1409.1607778574505
23 22 721.1476641817303
141 459 685.3494656599942
124 134 570.2163166881879
247 173 333.7483483922647
214 228 402.0341193329868
102 111 600.591565157824
173 249 471.90089749797374
324 315 2330.2062077365786
375 376 1722.6810685632365
310 360 886.1223335714258
60 298 438.6178259238975
125 179 569.1027372025728
445 442 583.1595578432043
158 189 486.652358285609
400 392 423.1344402854136
253 258 383.1570277157388
446 447 414.7480128193381
468 467 500.29383912829263
6 0 893.8802365509922
33 34 812.6762686941378
263 261 282.87642714404876
374 366 4572.610344802586
231 239 309.19031886082695
26 262 235.24749246999605
517 515 411.8215109037527
286 289 597.7041984389421
228 0 794.9689754458341
292 283 602.089476330759
504 499 687.1555528983072
60 266 460.03676675932576
439 440 760.5686441203401
42 104 710.6585952099849
107 102 360.0552985653031
229 130 706.0761133401696
339 311 1365.1125501229772
479 477 386.4636675178796
81 126 427.543284641625
142 146 351.71667998541875
11 19 1084.9501976350414
24 327 1169.1366419506376
428 426 397.46193443976995
60 64 421.652668022276
82 78 297.8178153547756
197 199 700.2899920906721
175 186 634.2120975004683
207 226 391.82677115847747
246 240 500.3017851190663
93 82 441.90718259631507
213 214 496.47377257560163
71 72 443.57486561518226
81 257 300.29206619319143
344 366 903.0107447780965
115 128 376.2238754562166
5 1 565.9318432508339
392 391 328.2964458597701
320 333 1647.4597017777608
123 129 508.34817949596544
452 458 543.1487379724801
66 63 467.798551971118
267 253 350.60998941328955
496 494 373.9130683461303
472 473 394.76462773412
335 316 4492.625034980714
407 406 436.54497193231174
8 17 458.51728029762694
464 462 606.0534250333848
500 507 375.04219798012133
473 268 312.0663588312623
195 180 557.2246913588208
380 385 1169.5858681257341
235 221 386.1471206032135
140 83 633.9588057865794
520 518 541.8867083891316
492 491 519.9318952513257
344 378 2022.0178167803083
323 314 2392.727025629794
444 445 822.4673228090325
280 278 538.0671452842205
536 537 539.2130979773016
467 73 576.5972554972064
364 367 1327.276091225655
396 397 746.383913580082
536 538 632.6658227509579
38 26 507.65586663706773
88 80 333.72212151759607
300 301 738.0142995951854
387 386 982.1554155553182
516 513 493.9833858661585
55 67 320.42385071494095
393 412 366.1175143530452
10 157 493.2507414488074
295 296 835.9608606578863
251 247 361.6178693534739
143 154 751.1908663948558
48 54 393.6165374460742
243 244 720.4694591953531
91 37 1034.6583132509268
220 216 645.6365678285426
436 437 622.8318043805353
488 479 255.81895140467702
369 94 711.1301148323743
420 415 552.9787288118636
359 381 1582.2020620212973
26 36 379.6015396632682
493 497 471.1359192785973
180 181 458.7318830137813
37 27 567.3951231237461
112 2 797.4854612710878
223 225 388.43414393980686
15 21 2361.8104536356495
171 169 437.42589856247935
167 161 399.9362951767374
271 268 844.3726348447507
507 509 1852.3723256526234
290 542 345.2903162711921
15 23 331.60581182788593
187 188 424.2938560628515
270 232 335.21286425908175
0 207 468.33925413122995
416 417 629.1445295113755
287 297 512.9492480382818
367 374 1169.2281601302784
77 97 626.1383847338536
56 52 357.573965670639
338 330 1577.9920363256374
336 325 1345.5251839347086
25 31 787.1835055664375
495 496 513.2373763202897
188 189 223.43017794147724
408 407 366.86719877723476
288 276 828.3849810108626
67 158 266.01544250464485
67 70 411.20127642800225
80 187 451.78492610976633
117 299 955.3978207956268
543 544 392.1614335711859
222 209 999.1346231436399
451 288 270.26109760533336
122 115 712.3334223494694
202 157 765.6158195710805
138 141 871.5998742389362
203 198 1270.4854364476378
365 378 1614.4752485866168
358 349 1915.1620902208126
471 472 305.0065513108532
395 399 278.1495285214144
308 318 1736.40025736293
78 79 541.4025598436457
487 489 586.0358742390349
238 230 707.4869922910839
371 365 758.195507565815
35 69 430.2362919861271
465 464 420.3836022402274
17 118 320.0820466182793
366 353 1320.3835203436863
90 77 597.6274107415375
92 15 397.32528265162045
73 252 762.0414987199749
321 322 3674.937743147367
351 369 809.7554872002768
194 193 912.4876915110042
372 352 1082.3136710731249
144 242 266.9841893220383
244 236 573.6543013846316
89 90 528.29967126803
345 379 2800.4599544861685
116 114 437.8458044884598
94 356 1591.8790974846572
459 460 283.11630315755036
36 29 375.29508207897277
2 106 436.7599179245679
144 163 713.5886806455387
222 470 609.4891371954486
415 418 477.2474741433476
537 533 374.21643614651856
150 156 495.5471735295012
172 170 632.5907196912987
418 396 700.3246960024258
105 99 2196.7206063820668
68 57 421.7348419125717
515 516 265.90036538981553
421 404 510.556118534418
79 81 367.5246526722189
200 201 491.14048666220265
237 218 1714.678205608725
159 147 497.263169692332
57 50 610.2223113149096
57 51 277.1391528322618
23 250 435.84232659320185
109 101 752.9844783687037
508 505 944.3851562950717
215 206 371.7206352981982
491 508 642.1872910894257
266 263 447.47708828694107
322 332 1612.9546041248252
100 109 846.9414821773744
309 323 2542.5389135805444
47 35 290.11462867355056
450 453 425.94467939789735
437 434 445.64042718083635
114 0 415.591226963861
80 51 400.8688451081226
388 393 424.4739047155396
521 525 811.1581580629376
343 321 2411.977857016793
394 395 414.5973829401501
14 11 703.6026405056671
443 435 469.22307124793036
128 81 851.181432062029
94 131 357.6320488536567
291 419 331.45087091832784
166 167 633.7606564967492
272 265 887.6152709328741
294 284 861.8011847475215
258 1 474.1398323275446
